0 0.63359375 0.8859375 0.0265625 0.0265625
0 0.265625 0.85 0.021875 0.021875
0 0.31875 0.7703125 0.0171875 0.01953125
0 0.43046875 0.8734375 0.0171875 0.021875
0 0.39453125 0.94609375 0.0265625 0.0171875
0 0.47578125 0.99375 0.0265625 0.01171875
0 0.3640625 0.640625 0.01171875 0.01171875
0 0.4546875 0.6859375 0.009375 0.01171875
0 0.78359375 0.9890625 0.021875 0.021875
0 0.91484375 0.9875 0.0234375 0.025
0 0.70546875 0.83671875 0.02421875 0.02421875
0 0.8171875 0.8484375 0.0265625 0.0265625
0 0.78515625 0.775 0.0171875 0.01953125
0 0.55078125 0.63203125 0.009375 0.009375
