0 0.14453125 0.4890625 0.02890625 0.0359375
0 0.265625 0.47109375 0.03359375 0.0484375
0 0.06875 0.35703125 0.01953125 0.01953125
0 0.0046875 0.31484375 0.009375 0.02421875
0 0.36171875 0.49296875 0.0171875 0.0171875
0 0.4046875 0.38125 0.0171875 0.0265625
0 0.30625 0.28828125 0.0140625 0.0171875
0 0.00625 0.4953125 0.01171875 0.03359375
0 0.44609375 0.2671875 0.01171875 0.0140625
0 0.47578125 0.31640625 0.0171875 0.01953125
0 0.600414 0.208906 0.143136 0.115159
0 0.021875 0.75234375 0.04296875 0.08671875
0 0.275 0.634375 0.0171875 0.0140625
0 0.844096 0.898340 0.311807 0.203321
