0 0.25 0.959375 0.0265625 0.03828125
0 0.1515625 0.95546875 0.0265625 0.03359375
0 0.4421875 0.97109375 0.03359375 0.03359375
0 0.58515625 0.91484375 0.02421875 0.03359375
0 0.48671875 0.81953125 0.02421875 0.03828125
0 0.5375 0.7140625 0.03359375 0.0359375
0 0.35546875 0.7796875 0.03828125 0.03828125
0 0.5046875 0.62265625 0.01953125 0.02890625
0 0.89765625 0.6984375 0.02421875 0.040625
0 0.80078125 0.9125 0.03359375 0.05078125
0 0.6203125 0.5828125 0.02421875 0.04296875
0 0.40390625 0.50859375 0.0140625 0.0171875
0 0.2359375 0.49765625 0.0171875 0.01953125
0 0.71875 0.58515625 0.0140625 0.0140625
0 0.7390625 0.46875 0.01171875 0.02421875
0 0.62265625 0.396875 0.01171875 0.0140625
0 0.05078125 0.71484375 0.0171875 0.02890625
0 0.75625 0.35 0.009375 0.0140625
0 0.7953125 0.3921875 0.01171875 0.0171875
