0 0.24140625 0.51796875 0.0265625 0.021875
0 0.2859375 0.42578125 0.0359375 0.03828125
0 0.109375 0.4796875 0.040625 0.040625
0 0.2484375 0.33203125 0.01953125 0.03125
0 0.6453125 0.4328125 0.0265625 0.04296875
0 0.36171875 0.29921875 0.0265625 0.0453125
0 0.140625 0.21015625 0.0140625 0.0171875
0 0.00390625 0.1890625 0.00703125 0.021875
0 0.46015625 0.30859375 0.0140625 0.0140625
0 0.475 0.19375 0.01171875 0.02421875
0 0.35234375 0.11328125 0.01171875 0.0140625
0 0.0046875 0.39453125 0.009375 0.02890625
0 0.484375 0.07421875 0.009375 0.0140625
0 0.525 0.1203125 0.0140625 0.0171875
0 0.25234375 0.83515625 0.19453125 0.18046875
