0 0.5328125 0.5015625 0.03125 0.0453125
0 0.43515625 0.490625 0.02890625 0.0359375
0 0.7234375 0.52890625 0.03828125 0.040625
0 0.8703125 0.484375 0.0265625 0.0359375
0 0.78515625 0.38203125 0.0265625 0.040625
0 0.84609375 0.2796875 0.0359375 0.04296875
0 0.65859375 0.33203125 0.04296875 0.04296875
0 0.82578125 0.1859375 0.021875 0.03125
0 0.94453125 0.15625 0.02890625 0.0453125
0 0.73828125 0.0640625 0.0171875 0.01953125
0 0.571875 0.03984375 0.01953125 0.01953125
0 0.9671875 0.00390625 0.01171875 0.00703125
0 0.36328125 0.24140625 0.021875 0.03125
0 0.759375 0.78984375 0.48046875 0.4203125
